Валидных записей: 26
Некорректных строк: 6
Всего потрачено: 149.89000000000001

Траты по категориям:
food: 44.49999999999999
transport: 33.4
other: 12.99
home: 19.3
entertainment: 28.2
health: 11.5

Топ 3 самых дорогих категорий:
food: 44.49999999999999
transport: 33.4
other: 12.99
